;0.0;0.0172;0.0345;0.0517;0.069;0.0862;0.1034;0.1207;0.1379;0.1552;0.1724;0.1897;0.2069;0.2241;0.2414;0.2586;0.2759;0.2931;0.3103;0.3276;0.3448;0.3621;0.3793;0.3966;0.4138;0.431;0.4483;0.4655;0.4828;0.5
0.0;0.0;0.0;0.0;0.0;0.0;0.0;0.0;0.0;0.0;0.0;0.0;0.0;0.0;0.0;0.0;0.0;0.0;0.0;0.0;0.0;0.0;0.0;0.0;0.0;0.0;0.0;0.0;0.0;0.0;0.0
6.8966;0.0;0.0;0.0;0.0;0.0;0.0;0.0;0.0;0.0;0.0;0.0;0.0;-0.0;-0.0;-0.0;-0.0;-0.0;-0.0;0.0;0.0;0.0;0.0;-0.0;-0.0;-0.0;-0.0;-0.0;0.0;0.0;0.0
13.7931;0.0;0.0;0.0;0.0;0.0;0.0;0.0;0.0;0.0;0.0;0.0;0.0;0.0;0.0;-0.0;-0.0;-0.0;-0.0;-0.0;-0.0;0.0;0.0;0.0;0.0;-0.0;-0.0;-0.0;-0.0;-0.0;0.0
20.6897;0.0;0.0;0.0;0.0;0.0;0.0;0.0;0.0;0.0;0.0;0.0;0.0;0.0;0.0;0.0;0.0;-0.0;-0.0;-0.0;-0.0;-0.0;-0.0;0.0;0.0;0.0;0.0;-0.0;-0.0;-0.0;0.0
27.5862;0.0;0.0;0.0;0.0;0.0;0.0;0.0;0.0;0.0;0.0;0.0;0.0;0.0;0.0;0.0;0.0;0.0;0.0;-0.0;-0.0;-0.0;-0.0;-0.0;-0.0;0.0;0.0;0.0;0.0;-0.0;0.0
34.4828;0.0;0.0;0.0;0.0;0.0;0.0;0.0;0.0;0.0;0.0;0.0;0.0;0.0;0.0;0.0001;0.0001;0.0001;0.0001;0.0001;0.0;-0.0001;-0.0002;-0.0002;-0.0002;-0.0001;0.0;0.0001;0.0001;0.0001;0.0
41.3793;0.0;0.0;0.0;0.0;0.0;0.0;0.0;0.0;0.0001;0.0001;0.0001;0.0002;0.0003;0.0004;0.0005;0.0007;0.0009;0.001;0.0011;0.001;0.0006;-0.0;-0.0008;-0.0013;-0.0014;-0.0011;-0.0004;0.0001;0.0002;0.0
48.2759;0.0;0.0;0.0;0.0;0.0;0.0001;0.0002;0.0003;0.0004;0.0007;0.001;0.0014;0.0019;0.0026;0.0034;0.0044;0.0055;0.0067;0.0078;0.0084;0.008;0.0063;0.0031;-0.0009;-0.0043;-0.0057;-0.0047;-0.0024;-0.0004;0.0
55.1724;0.0;0.0;0.0;0.0001;0.0003;0.0006;0.0011;0.0018;0.0028;0.0041;0.0058;0.0079;0.0105;0.0136;0.0172;0.0214;0.0261;0.0314;0.0369;0.0418;0.0448;0.0438;0.037;0.024;0.0075;-0.007;-0.014;-0.0121;-0.0054;0.0
62.069;0.0;0.0001;0.0004;0.001;0.0021;0.004;0.0066;0.0102;0.0148;0.0206;0.0276;0.0359;0.0455;0.0565;0.0688;0.0825;0.0976;0.1141;0.1317;0.1497;0.1657;0.1752;0.1714;0.148;0.1039;0.0486;0.0009;-0.0217;-0.017;0.0
68.9655;0.0001;0.0007;0.0026;0.0064;0.0124;0.0211;0.0325;0.0468;0.064;0.0842;0.1072;0.133;0.1615;0.1925;0.2259;0.2617;0.2996;0.3398;0.3821;0.4263;0.4705;0.5088;0.529;0.5121;0.4397;0.3102;0.1545;0.0299;-0.019;0.0
75.8621;0.0005;0.0049;0.0161;0.0345;0.0602;0.093;0.1324;0.1779;0.229;0.285;0.3454;0.4098;0.4776;0.5484;0.6219;0.6976;0.7754;0.855;0.9366;1.0207;1.1071;1.1926;1.2642;1.292;1.2281;1.0265;0.6898;0.314;0.0565;0.0
82.7586;0.0038;0.0319;0.0851;0.1572;0.2443;0.3433;0.4514;0.5665;0.6869;0.8113;0.9386;1.068;1.1988;1.3306;1.4628;1.5952;1.7275;1.8595;1.9913;2.1235;2.2579;2.396;2.5325;2.641;2.6542;2.4602;1.9526;1.1611;0.3787;0.0
89.6552;0.0288;0.184;0.3833;0.603;0.8317;1.0631;1.2936;1.5214;1.7453;1.9649;2.1799;2.3904;2.5964;2.798;2.9955;3.189;3.3787;3.5646;3.7469;3.926;4.1037;4.2845;4.4731;4.662;4.799;4.7419;4.2422;3.063;1.3298;0.0
96.5517;0.0989;0.8208;1.4064;1.9094;2.3543;2.7565;3.126;3.4697;3.7924;4.0976;4.3881;4.6657;4.932;5.1885;5.4361;5.6757;5.9081;6.1338;6.3533;6.5666;6.7745;6.9805;7.1933;7.4235;7.659;7.8009;7.5644;6.4263;3.8338;0.0
103.4483;3.3008;3.9838;4.5779;5.1055;5.5808;6.0143;6.4137;6.7853;7.1335;7.4623;7.7742;8.0717;8.3566;8.6303;8.8941;9.149;9.3958;9.6353;9.8681;10.0944;10.3139;10.5275;10.7409;10.9688;11.2288;11.4965;11.5892;10.9806;8.673;3.4483
110.3448;9.8348;9.8989;10.094;10.3473;10.6278;10.9187;11.2111;11.5002;11.7837;12.0602;12.3296;12.5917;12.8468;13.0952;13.3373;13.5734;13.8039;14.0291;14.2495;14.4652;14.6759;14.8809;15.0813;15.2858;15.5166;15.7929;16.0496;15.943;14.5714;10.3448
117.2414;16.6638;16.6596;16.679;16.7394;16.8377;16.9661;17.1172;17.2843;17.4627;17.6484;17.8387;18.0318;18.2261;18.4207;18.6149;18.808;18.9998;19.1901;19.3787;19.5655;19.7504;19.9326;20.1109;20.288;20.4781;20.7085;20.9775;21.0986;20.3809;17.2414
124.1379;23.5093;23.5077;23.5048;23.5093;23.5285;23.5661;23.6222;23.6957;23.7844;23.886;23.9983;24.1192;24.2472;24.3808;24.5188;24.6602;24.8043;24.9504;25.0981;25.2469;25.3965;25.5466;25.696;25.8445;25.9988;26.1811;26.4139;26.6164;26.3146;24.1379
131.0345;30.3544;30.3541;30.3528;30.3511;30.3517;30.3579;30.3725;30.3972;30.4326;30.4787;30.535;30.6006;30.6747;30.7563;30.8446;30.9386;31.0377;31.1411;31.2482;31.3585;31.4716;31.5872;31.7046;31.8233;31.9463;32.089;32.2788;32.4958;32.4432;31.0345
137.931;37.1994;37.1991;37.1987;37.1979;37.1971;37.1973;37.1998;37.2063;37.2181;37.2362;37.261;37.2929;37.3317;37.3773;37.4293;37.4872;37.5507;37.6192;37.6923;37.7695;37.8505;37.9348;38.0221;38.1121;38.2066;38.3167;38.4685;38.6737;38.7639;37.931
144.8276;44.0444;44.0441;44.0438;44.0439;44.0442;44.0448;44.0461;44.0487;44.0534;44.0609;44.0721;44.0875;44.1074;44.1321;44.1616;44.196;44.2352;44.2789;44.327;44.3792;44.4351;44.4945;44.5569;44.6221;44.6914;44.7736;44.8927;45.0769;45.2453;44.8276
151.7241;50.8894;50.8892;50.8895;50.8906;50.8926;50.8953;50.8986;50.9026;50.9074;50.9135;50.9211;50.9309;50.9431;50.9581;50.9762;50.9975;51.0223;51.0505;51.0822;51.1173;51.1558;51.1973;51.2413;51.2873;51.336;51.3941;51.4842;51.6434;51.8504;51.7241
158.6207;57.7344;57.7348;57.7368;57.7403;57.7456;57.7519;57.7591;57.7669;57.7751;57.7837;57.7929;57.8029;57.8139;57.8262;57.84;57.8557;57.8734;57.8933;57.9155;57.9402;57.9674;57.997;58.0287;58.0615;58.095;58.1335;58.1968;58.328;58.5474;58.6207
165.5172;64.5796;64.5819;64.5888;64.5977;64.6091;64.6217;64.635;64.6484;64.6619;64.6752;64.6883;64.7013;64.7144;64.7276;64.7412;64.7555;64.7707;64.7869;64.8044;64.8234;64.8439;64.8662;64.89;64.9146;64.9383;64.9623;65.0017;65.1011;65.3128;65.5172
172.4138;71.4252;71.4329;71.4535;71.4731;71.4948;71.5169;71.5387;71.5595;71.5794;71.5983;71.6162;71.6331;71.6493;71.6648;71.6799;71.6948;71.7097;71.7247;71.74;71.756;71.7727;71.7904;71.8092;71.8286;71.8469;71.8621;71.882;71.9468;72.1318;72.4138
179.3103;78.2721;78.2914;78.3475;78.3873;78.4241;78.4585;78.49;78.5187;78.5449;78.5687;78.5906;78.6108;78.6295;78.6468;78.6631;78.6786;78.6934;78.7077;78.7218;78.7358;78.7499;78.7643;78.7793;78.7949;78.8099;78.8211;78.8285;78.8595;78.9987;79.3103
186.2069;85.0864;85.1475;85.2957;85.3766;85.4336;85.4797;85.5188;85.5524;85.5816;85.6074;85.6303;85.6508;85.6694;85.6863;85.7018;85.7161;85.7295;85.742;85.754;85.7656;85.7769;85.788;85.7993;85.8109;85.8226;85.832;85.8348;85.84;85.9178;86.2069
193.1034;93.1034;92.3393;92.4334;92.5252;92.5878;92.6331;92.6683;92.6967;92.7204;92.7405;92.7578;92.773;92.7864;92.7984;92.8091;92.8189;92.8279;92.8362;92.844;92.8513;92.8582;92.8649;92.8715;92.8781;92.885;92.8914;92.8941;92.8901;92.9062;93.1034
200.0;100.0;100.0;100.0;100.0;100.0;100.0;100.0;100.0;100.0;100.0;100.0;100.0;100.0;100.0;100.0;100.0;100.0;100.0;100.0;100.0;100.0;100.0;100.0;100.0;100.0;100.0;100.0;100.0;100.0;100.0
