;0.0;0.0172;0.0345;0.0517;0.069;0.0862;0.1034;0.1207;0.1379;0.1552;0.1724;0.1897;0.2069;0.2241;0.2414;0.2586;0.2759;0.2931;0.3103;0.3276;0.3448;0.3621;0.3793;0.3966;0.4138;0.431;0.4483;0.4655;0.4828;0.5
0.0;0.0;0.0;0.0;0.0;0.0;0.0;0.0;0.0;0.0;0.0;0.0;0.0;0.0;0.0;0.0;0.0;0.0;0.0;0.0;0.0;0.0;0.0;0.0;0.0;0.0;0.0;0.0;0.0;0.0;0.0
6.8966;0.0;0.0;0.0;0.0;0.0;0.0;0.0;0.0;0.0;0.0;0.0;0.0;0.0;0.0;0.0;-0.0;-0.0;-0.0;-0.0;-0.0;0.0;0.0;0.0;0.0;-0.0;-0.0;-0.0;-0.0;0.0;0.0
13.7931;0.0;0.0;0.0;0.0;0.0;0.0;0.0;0.0;0.0;0.0;0.0;0.0;0.0;0.0;0.0;0.0;0.0;-0.0;-0.0;-0.0;-0.0;-0.0;0.0;0.0;0.0;0.0;-0.0;-0.0;-0.0;0.0
20.6897;0.0;0.0;0.0;0.0;0.0;0.0;0.0;0.0;0.0;0.0;0.0;0.0;0.0;0.0;0.0;0.0;0.0;0.0;-0.0;-0.0;-0.0;-0.0;-0.0;-0.0;0.0;0.0;0.0;0.0;-0.0;0.0
27.5862;0.0;0.0;0.0;0.0;0.0;0.0;0.0;0.0;0.0;0.0;0.0;0.0;0.0;0.0;0.0;0.0;0.0;0.0;0.0;0.0;-0.0;-0.0;-0.0;-0.0;-0.0;0.0;0.0;0.0;0.0;0.0
34.4828;0.0;0.0;0.0;0.0;0.0;0.0;0.0;0.0;0.0;0.0;0.0;0.0;0.0;0.0;0.0;0.0001;0.0001;0.0001;0.0001;0.0001;0.0001;0.0;-0.0001;-0.0002;-0.0002;-0.0002;-0.0;0.0001;0.0001;0.0
41.3793;0.0;0.0;0.0;0.0;0.0;0.0;0.0;0.0;0.0;0.0001;0.0001;0.0001;0.0002;0.0003;0.0004;0.0005;0.0007;0.0009;0.0011;0.0013;0.0014;0.0013;0.0008;-0.0001;-0.001;-0.0014;-0.0012;-0.0005;0.0;0.0
48.2759;0.0;0.0;0.0;0.0;0.0;0.0;0.0001;0.0002;0.0003;0.0005;0.0007;0.001;0.0015;0.002;0.0027;0.0035;0.0045;0.0056;0.007;0.0084;0.0098;0.0104;0.0097;0.0069;0.0023;-0.0024;-0.0049;-0.0042;-0.0016;0.0
55.1724;0.0;0.0;0.0;0.0001;0.0002;0.0004;0.0008;0.0013;0.0021;0.0032;0.0045;0.0063;0.0085;0.0111;0.0142;0.0179;0.0221;0.0269;0.0324;0.0384;0.0447;0.0503;0.0529;0.0491;0.0365;0.0169;-0.0018;-0.0108;-0.0078;0.0
62.069;0.0;0.0;0.0002;0.0007;0.0015;0.003;0.0051;0.0081;0.012;0.017;0.0231;0.0305;0.0391;0.0491;0.0604;0.073;0.0869;0.1022;0.1189;0.137;0.1564;0.1762;0.1926;0.1974;0.1789;0.1307;0.0634;0.0065;-0.0137;0.0
68.9655;0.0;0.0004;0.0018;0.0048;0.0098;0.0171;0.027;0.0397;0.0553;0.0738;0.0951;0.1193;0.1461;0.1755;0.2074;0.2416;0.278;0.3165;0.3569;0.3994;0.4441;0.4912;0.5377;0.5719;0.568;0.4924;0.335;0.1456;0.0171;0.0
75.8621;0.0003;0.0035;0.0126;0.0284;0.0513;0.0811;0.1177;0.1605;0.2091;0.2628;0.3211;0.3834;0.4494;0.5186;0.5905;0.6649;0.7414;0.8197;0.8996;0.9809;1.0639;1.1501;1.24;1.3261;1.3744;1.3114;1.0542;0.6153;0.1867;0.0
82.7586;0.003;0.0258;0.0733;0.1401;0.2227;0.3179;0.4229;0.5355;0.6539;0.7766;0.9025;1.0307;1.1605;1.2913;1.4228;1.5545;1.6863;1.8179;1.949;2.0794;2.2092;2.3399;2.4757;2.6195;2.7497;2.7727;2.4949;1.7441;0.704;0.0
89.6552;0.0258;0.1653;0.3566;0.5721;0.7984;1.0285;1.2583;1.4856;1.7093;1.9287;2.1436;2.354;2.56;2.7615;2.9589;3.1523;3.3419;3.5279;3.7103;3.8893;4.0646;4.2366;4.4096;4.5949;4.7984;4.9586;4.8259;3.9229;1.9699;0.0
96.5517;0.0919;0.8154;1.3967;1.8973;2.3407;2.7417;3.1105;3.4536;3.7759;4.0807;4.3708;4.6481;4.9141;5.1702;5.4174;5.6567;5.8886;6.114;6.3333;6.547;6.7551;6.9569;7.1537;7.3556;7.5879;7.8547;7.9833;7.3455;4.8173;0.0
103.4483;3.287;4.0051;4.604;5.132;5.6058;6.0371;6.4343;6.8036;7.1499;7.4768;7.7871;8.083;8.3665;8.6389;8.9014;9.155;9.4007;9.6391;9.8708;10.0966;10.3167;10.5305;10.7364;10.9375;11.1566;11.4401;11.7581;11.6553;9.6929;3.4483
110.3448;9.8136;9.9129;10.1206;10.3816;10.6664;10.9594;11.2523;11.541;11.8233;12.0985;12.3663;12.6268;12.8803;13.1271;13.3676;13.6022;13.8312;14.055;14.2738;14.4881;14.6983;14.9043;15.1042;15.2953;15.4868;15.724;16.0631;16.3148;15.3564;10.3448
117.2414;16.64;16.6618;16.6894;16.7583;16.8641;16.9987;17.1544;17.3248;17.5053;17.6922;17.8832;18.0763;18.2704;18.4644;18.6578;18.8501;19.0409;19.2301;19.4175;19.603;19.7867;19.9689;20.1487;20.3223;20.4885;20.6726;20.9456;21.2824;20.94;17.2414
124.1379;23.485;23.5066;23.5067;23.5152;23.5397;23.5829;23.6446;23.7231;23.8161;23.9213;24.0363;24.1595;24.2891;24.4238;24.5625;24.7044;24.8487;24.9948;25.1423;25.2906;25.4396;25.5892;25.7395;25.8881;26.0306;26.1761;26.3802;26.694;26.6905;24.1379
131.0345;30.3301;30.3528;30.3528;30.3521;30.3548;30.3641;30.3824;30.4112;30.4508;30.5008;30.5608;30.6297;30.7067;30.7908;30.8812;30.9769;31.0774;31.1819;31.2899;31.4009;31.5143;31.6301;31.7481;31.8677;31.9852;32.1016;32.2536;32.5154;32.6815;31.0345
137.931;37.1751;37.1978;37.1985;37.198;37.1976;37.1988;37.203;37.2118;37.2263;37.2474;37.2754;37.3104;37.3523;37.4008;37.4554;37.5158;37.5815;37.6519;37.7267;37.8055;37.8879;37.9733;38.0618;38.1531;38.2452;38.3368;38.4509;38.6615;38.9028;37.931
144.8276;44.0201;44.0428;44.0436;44.0438;44.044;44.0448;44.0465;44.0499;44.0559;44.0653;44.0785;44.0962;44.1186;44.1459;44.178;44.2149;44.2564;44.3024;44.3526;44.4067;44.4646;44.5259;44.5903;44.6576;44.7267;44.796;44.8807;45.0473;45.3137;44.8276
151.7241;50.8651;50.8878;50.8891;50.8902;50.892;50.8945;50.8978;50.902;50.9073;50.9141;50.9229;50.9341;50.948;50.9649;50.985;51.0085;51.0354;51.0658;51.0996;51.1368;51.1772;51.2207;51.2671;51.3162;51.3668;51.417;51.4772;51.6058;51.8702;51.7241
158.6207;57.7101;57.7332;57.736;57.7395;57.7444;57.7505;57.7576;57.7653;57.7736;57.7826;57.7924;57.8032;57.8152;57.8287;57.844;57.8613;57.8807;57.9024;57.9264;57.9529;57.9819;58.0134;58.0473;58.0835;58.1207;58.1562;58.1957;58.2897;58.5354;58.6207
165.5172;64.5552;64.58;64.5869;64.596;64.6071;64.6196;64.6328;64.6463;64.6599;64.6734;64.6868;64.7003;64.714;64.728;64.7426;64.758;64.7744;64.792;64.8109;64.8313;64.8534;64.8771;64.9027;64.9301;64.9584;64.9839;65.0072;65.0686;65.2822;65.5172
172.4138;71.4008;71.4315;71.4492;71.4699;71.492;71.5144;71.5363;71.5574;71.5775;71.5966;71.6148;71.632;71.6486;71.6646;71.6803;71.6959;71.7116;71.7275;71.7439;71.761;71.7788;71.7976;71.8175;71.8389;71.8612;71.881;71.8934;71.9249;72.094;72.4138
179.3103;78.2485;78.2996;78.3413;78.3825;78.421;78.4563;78.4883;78.5174;78.5438;78.568;78.5901;78.6105;78.6294;78.647;78.6636;78.6795;78.6948;78.7097;78.7244;78.7391;78.754;78.7692;78.7849;78.8015;78.8191;78.8355;78.8429;78.8503;78.9637;79.3103
186.2069;85.105;85.2229;85.3073;85.3762;85.4326;85.4794;85.5188;85.5527;85.5821;85.608;85.631;85.6516;85.6702;85.6872;85.7028;85.7173;85.7309;85.7438;85.7561;85.7681;85.7798;85.7915;85.8031;85.8151;85.8279;85.8409;85.8475;85.8417;85.8934;86.2069
193.1034;91.9595;92.2971;92.443;92.5305;92.5907;92.6354;92.6703;92.6986;92.7221;92.7421;92.7593;92.7744;92.7877;92.7997;92.8104;92.8202;92.8292;92.8376;92.8454;92.8529;92.86;92.867;92.8737;92.8805;92.8875;92.8952;92.901;92.8956;92.8964;93.1034
200.0;100.0;100.0;100.0;100.0;100.0;100.0;100.0;100.0;100.0;100.0;100.0;100.0;100.0;100.0;100.0;100.0;100.0;100.0;100.0;100.0;100.0;100.0;100.0;100.0;100.0;100.0;100.0;100.0;100.0;100.0
